x: [tensor([[0.9204, 0.5914, 0.4377, 0.5146, 0.5292, 0.4132]]), tensor([[0.9208, 0.5921, 0.4360, 0.5158, 0.5292, 0.4132]]), tensor([[0.9193, 0.5884, 0.4323, 0.5184, 0.5292, 0.4132]]), tensor([[0.9198, 0.5896, 0.4368, 0.5211, 0.5292, 0.4132]]), tensor([[0.9201, 0.5899, 0.4364, 0.5215, 0.5292, 0.4132]]), tensor([[0.9211, 0.5902, 0.4346, 0.5221, 0.5292, 0.4132]]), tensor([[0.9219, 0.5918, 0.4361, 0.5191, 0.5292, 0.4132]]), tensor([[0.9212, 0.5907, 0.4350, 0.5180, 0.5292, 0.4132]]), tensor([[0.9213, 0.5922, 0.4365, 0.5185, 0.5292, 0.4132]]), tensor([[0.9214, 0.5923, 0.4441, 0.5188, 0.5292, 0.4132]])]
takg: [tensor(-0.0579), tensor(-0.0228), tensor(0.0205), tensor(-0.1292), tensor(-0.1106), tensor(-0.0128), tensor(0.0684), tensor(-0.1026), tensor(-0.0518), tensor(-0.0495)]
Best x: tensor([[0.9219, 0.5918, 0.4361, 0.5191, 0.5292, 0.4132]])
Best takg: 0.06843584030866623
-----------------------------------------------------------
x: [tensor([[0.4106, 0.2084, 0.3413, 0.8273, 0.9779, 0.0697]]), tensor([[0.4175, 0.2068, 0.3373, 0.8318, 0.9779, 0.0697]]), tensor([[0.4189, 0.2062, 0.3362, 0.8332, 0.9779, 0.0697]]), tensor([[0.4163, 0.2024, 0.3389, 0.8371, 0.9779, 0.0697]]), tensor([[0.4156, 0.2023, 0.3389, 0.8371, 0.9779, 0.0697]]), tensor([[0.4154, 0.2031, 0.3386, 0.8366, 0.9779, 0.0697]]), tensor([[0.4138, 0.2032, 0.3363, 0.8343, 0.9779, 0.0697]]), tensor([[0.4179, 0.2000, 0.3414, 0.8405, 0.9779, 0.0697]]), tensor([[0.4187, 0.1996, 0.3448, 0.8371, 0.9779, 0.0697]]), tensor([[0.4127, 0.2004, 0.3382, 0.8300, 0.9779, 0.0697]])]
takg: [tensor(0.0887), tensor(0.0258), tensor(-0.0302), tensor(0.0578), tensor(0.0536), tensor(-0.0026), tensor(0.0526), tensor(-0.1933), tensor(0.1594), tensor(0.0969)]
Best x: tensor([[0.4187, 0.1996, 0.3448, 0.8371, 0.9779, 0.0697]])
Best takg: 0.15940678119659424
-----------------------------------------------------------
x: [tensor([[0.7321, 0.0071, 0.3511, 0.7843, 0.0884, 0.0701]]), tensor([[0.7386, 0.0042, 0.3583, 0.7828, 0.0884, 0.0701]]), tensor([[0.7289, 0.0091, 0.3695, 0.7827, 0.0884, 0.0701]]), tensor([[0.7232, 0.0117, 0.3618, 0.7834, 0.0884, 0.0701]]), tensor([[0.7151, 0.0156, 0.3620, 0.7841, 0.0884, 0.0701]]), tensor([[0.7178, 0.0103, 0.3577, 0.7800, 0.0884, 0.0701]]), tensor([[0.7258, 0.0136, 0.3562, 0.7758, 0.0884, 0.0701]]), tensor([[0.7307, 0.0196, 0.3595, 0.7717, 0.0884, 0.0701]]), tensor([[0.7317, 0.0191, 0.3595, 0.7720, 0.0884, 0.0701]]), tensor([[0.7269, 0.0193, 0.3585, 0.7707, 0.0884, 0.0701]])]
takg: [tensor(1.2720), tensor(0.7277), tensor(2.2405), tensor(0.2290), tensor(0.3358), tensor(1.8812), tensor(-0.4918), tensor(-0.8810), tensor(0.5199), tensor(-1.0238)]
Best x: tensor([[0.7289, 0.0091, 0.3695, 0.7827, 0.0884, 0.0701]])
Best takg: 2.240483522415161
-----------------------------------------------------------
x: [tensor([[0.9739, 0.0873, 0.0347, 0.6406, 0.0119, 0.1129]]), tensor([[0.9676, 0.0934, 0.0200, 0.6340, 0.0119, 0.1129]]), tensor([[0.9730, 0.0884, 0.0145, 0.6383, 0.0119, 0.1129]]), tensor([[0.9781, 0.0807, 0.0085, 0.6437, 0.0119, 0.1129]]), tensor([[0.9757, 0.0829, 0.0109, 0.6426, 0.0119, 0.1129]]), tensor([[0.9774, 0.0817, 0.0086, 0.6436, 0.0119, 0.1129]]), tensor([[0.9756, 0.0836, 0.0110, 0.6432, 0.0119, 0.1129]]), tensor([[0.9812, 0.0775, 0.0059, 0.6482, 0.0119, 0.1129]]), tensor([[0.9812, 0.0803, 0.0076, 0.6476, 0.0119, 0.1129]]), tensor([[0.9779, 0.0824, 0.0112, 0.6465, 0.0119, 0.1129]])]
takg: [tensor(9.9316), tensor(7.9131), tensor(1.3270), tensor(6.4792), tensor(18.3588), tensor(-3.2151), tensor(7.9100), tensor(18.7747), tensor(5.5827), tensor(10.7527)]
Best x: tensor([[0.9812, 0.0775, 0.0059, 0.6482, 0.0119, 0.1129]])
Best takg: 18.774728775024414
-----------------------------------------------------------
x: [tensor([[0.2606, 0.0810, 0.3777, 0.6795, 0.3484, 0.0520]]), tensor([[0.2599, 0.0805, 0.3769, 0.6822, 0.3484, 0.0520]]), tensor([[0.2557, 0.0838, 0.3706, 0.6872, 0.3484, 0.0520]]), tensor([[0.2498, 0.0801, 0.3686, 0.6912, 0.3484, 0.0520]]), tensor([[0.2510, 0.0779, 0.3691, 0.6907, 0.3484, 0.0520]]), tensor([[0.2525, 0.0818, 0.3670, 0.6957, 0.3484, 0.0520]]), tensor([[0.2554, 0.0792, 0.3691, 0.6930, 0.3484, 0.0520]]), tensor([[0.2540, 0.0744, 0.3656, 0.6862, 0.3484, 0.0520]]), tensor([[0.2535, 0.0808, 0.3652, 0.6876, 0.3484, 0.0520]]), tensor([[0.2577, 0.0785, 0.3633, 0.6822, 0.3484, 0.0520]])]
takg: [tensor(0.6093), tensor(-0.1076), tensor(0.1787), tensor(0.3106), tensor(0.5390), tensor(-0.1944), tensor(0.8441), tensor(0.4149), tensor(0.2151), tensor(0.3792)]
Best x: tensor([[0.2554, 0.0792, 0.3691, 0.6930, 0.3484, 0.0520]])
Best takg: 0.8441343903541565
-----------------------------------------------------------
x: [tensor([[0.9220, 0.8725, 0.0532, 0.0189, 0.4323, 0.7832]]), tensor([[0.9132, 0.8702, 0.0621, 0.0247, 0.4323, 0.7832]]), tensor([[0.9085, 0.8694, 0.0662, 0.0251, 0.4323, 0.7832]]), tensor([[0.9115, 0.8729, 0.0626, 0.0212, 0.4323, 0.7832]]), tensor([[0.9033, 0.8682, 0.0737, 0.0292, 0.4323, 0.7832]]), tensor([[0.8870, 0.8649, 0.0951, 0.0394, 0.4323, 0.7832]]), tensor([[0.8951, 0.8753, 0.0751, 0.0271, 0.4323, 0.7832]]), tensor([[0.8953, 0.8770, 0.0701, 0.0237, 0.4323, 0.7832]]), tensor([[0.8894, 0.8754, 0.0709, 0.0291, 0.4323, 0.7832]]), tensor([[0.8911, 0.8781, 0.0670, 0.0245, 0.4323, 0.7832]])]
takg: [tensor(0.1019), tensor(0.1268), tensor(0.1225), tensor(0.1101), tensor(0.1435), tensor(0.1984), tensor(0.0752), tensor(0.1535), tensor(0.1146), tensor(0.1800)]
Best x: tensor([[0.8870, 0.8649, 0.0951, 0.0394, 0.4323, 0.7832]])
Best takg: 0.19841857254505157
-----------------------------------------------------------
x: [tensor([[0.6521, 0.7270, 0.8673, 0.4161, 0.1240, 0.5037]]), tensor([[0.6520, 0.7219, 0.8682, 0.4161, 0.1240, 0.5037]]), tensor([[0.6564, 0.7225, 0.8676, 0.4063, 0.1240, 0.5037]]), tensor([[0.6541, 0.7214, 0.8677, 0.4154, 0.1240, 0.5037]]), tensor([[0.6541, 0.7214, 0.8672, 0.4153, 0.1240, 0.5037]]), tensor([[0.6583, 0.7232, 0.8673, 0.3988, 0.1240, 0.5037]]), tensor([[0.6585, 0.7238, 0.8657, 0.3988, 0.1240, 0.5037]]), tensor([[0.6582, 0.7236, 0.8668, 0.3988, 0.1240, 0.5037]]), tensor([[0.6587, 0.7241, 0.8650, 0.3988, 0.1240, 0.5037]]), tensor([[0.6541, 0.7219, 0.8659, 0.4156, 0.1240, 0.5037]])]
takg: [tensor(0.0121), tensor(0.4363), tensor(0.4070), tensor(0.7776), tensor(0.7171), tensor(0.2014), tensor(0.2506), tensor(0.2687), tensor(0.1953), tensor(0.4449)]
Best x: tensor([[0.6541, 0.7214, 0.8677, 0.4154, 0.1240, 0.5037]])
Best takg: 0.7775557637214661
-----------------------------------------------------------
x: [tensor([[0.1644, 0.8170, 0.3912, 0.9629, 0.9929, 0.8465]]), tensor([[0.1651, 0.8219, 0.3904, 0.9599, 0.9929, 0.8465]]), tensor([[0.1607, 0.8239, 0.3902, 0.9633, 0.9929, 0.8465]]), tensor([[0.1629, 0.8185, 0.3902, 0.9609, 0.9929, 0.8465]]), tensor([[0.1628, 0.8189, 0.3897, 0.9634, 0.9929, 0.8465]]), tensor([[0.1651, 0.8166, 0.3898, 0.9611, 0.9929, 0.8465]]), tensor([[0.1675, 0.8165, 0.3882, 0.9588, 0.9929, 0.8465]]), tensor([[0.1676, 0.8160, 0.3889, 0.9586, 0.9929, 0.8465]]), tensor([[0.1708, 0.8035, 0.3882, 0.9549, 0.9929, 0.8465]]), tensor([[0.1711, 0.8074, 0.3875, 0.9570, 0.9929, 0.8465]])]
takg: [tensor(0.0344), tensor(-0.0060), tensor(-0.0067), tensor(-0.0280), tensor(-0.0091), tensor(0.0071), tensor(-0.0258), tensor(-0.0242), tensor(-0.0275), tensor(-0.0579)]
Best x: tensor([[0.1644, 0.8170, 0.3912, 0.9629, 0.9929, 0.8465]])
Best takg: 0.034401994198560715
-----------------------------------------------------------
x: [tensor([[0.6154, 0.5277, 0.8543, 0.3708, 0.4267, 0.7705]]), tensor([[0.6077, 0.5317, 0.8489, 0.3705, 0.4267, 0.7705]]), tensor([[0.6034, 0.5280, 0.8506, 0.3751, 0.4267, 0.7705]]), tensor([[0.6144, 0.5128, 0.8571, 0.3664, 0.4267, 0.7705]]), tensor([[0.6112, 0.5092, 0.8564, 0.3661, 0.4267, 0.7705]]), tensor([[0.6154, 0.5001, 0.8619, 0.3604, 0.4267, 0.7705]]), tensor([[0.6087, 0.5031, 0.8610, 0.3682, 0.4267, 0.7705]]), tensor([[0.6136, 0.5007, 0.8631, 0.3623, 0.4267, 0.7705]]), tensor([[0.6195, 0.5016, 0.8635, 0.3536, 0.4267, 0.7705]]), tensor([[0.6290, 0.5035, 0.8697, 0.3450, 0.4267, 0.7705]])]
takg: [tensor(0.0143), tensor(0.0825), tensor(0.0988), tensor(0.0660), tensor(0.0601), tensor(0.1344), tensor(0.0950), tensor(0.0725), tensor(0.0282), tensor(0.0646)]
Best x: tensor([[0.6154, 0.5001, 0.8619, 0.3604, 0.4267, 0.7705]])
Best takg: 0.1343543827533722
-----------------------------------------------------------
x: [tensor([[0.1954, 0.4025, 0.0219, 0.1364, 0.2649, 0.2612]]), tensor([[0.1973, 0.3970, 0.0290, 0.1391, 0.2649, 0.2612]]), tensor([[0.1989, 0.3985, 0.0324, 0.1413, 0.2649, 0.2612]]), tensor([[0.1984, 0.3979, 0.0305, 0.1405, 0.2649, 0.2612]]), tensor([[0.1972, 0.4000, 0.0309, 0.1389, 0.2649, 0.2612]]), tensor([[0.1975, 0.3985, 0.0330, 0.1397, 0.2649, 0.2612]]), tensor([[0.1969, 0.4003, 0.0306, 0.1387, 0.2649, 0.2612]]), tensor([[0.1969, 0.4001, 0.0299, 0.1378, 0.2649, 0.2612]]), tensor([[0.2008, 0.4050, 0.0297, 0.1442, 0.2649, 0.2612]]), tensor([[0.1954, 0.3983, 0.0300, 0.1355, 0.2649, 0.2612]])]
takg: [tensor(0.2190), tensor(0.0682), tensor(0.2491), tensor(0.4531), tensor(-0.1544), tensor(0.3837), tensor(0.2418), tensor(0.2707), tensor(0.2641), tensor(0.2975)]
Best x: tensor([[0.1984, 0.3979, 0.0305, 0.1405, 0.2649, 0.2612]])
Best takg: 0.453115850687027
-----------------------------------------------------------
x: [tensor([[0.1167, 0.5180, 0.4816, 0.6417, 0.0772, 0.4091]]), tensor([[0.1082, 0.5190, 0.4832, 0.6485, 0.0772, 0.4091]]), tensor([[0.1010, 0.5148, 0.4895, 0.6457, 0.0772, 0.4091]]), tensor([[0.1033, 0.5188, 0.4882, 0.6469, 0.0772, 0.4091]]), tensor([[0.1022, 0.5187, 0.4903, 0.6471, 0.0772, 0.4091]]), tensor([[0.1118, 0.5217, 0.4913, 0.6373, 0.0772, 0.4091]]), tensor([[0.1048, 0.5255, 0.4918, 0.6405, 0.0772, 0.4091]]), tensor([[0.1048, 0.5267, 0.4916, 0.6346, 0.0772, 0.4091]]), tensor([[0.1039, 0.5228, 0.4880, 0.6375, 0.0772, 0.4091]]), tensor([[0.1129, 0.5312, 0.4879, 0.6324, 0.0772, 0.4091]])]
takg: [tensor(-0.2067), tensor(-0.1207), tensor(0.6693), tensor(-0.4159), tensor(0.3394), tensor(0.2433), tensor(0.2313), tensor(0.1325), tensor(0.4060), tensor(0.9026)]
Best x: tensor([[0.1129, 0.5312, 0.4879, 0.6324, 0.0772, 0.4091]])
Best takg: 0.902629017829895
-----------------------------------------------------------
x: [tensor([[0.8874, 0.2660, 0.7601, 0.9091, 0.8681, 0.9806]]), tensor([[0.8893, 0.2605, 0.7546, 0.9103, 0.8681, 0.9806]]), tensor([[0.8799, 0.2667, 0.7572, 0.9046, 0.8681, 0.9806]]), tensor([[0.8689, 0.2699, 0.7569, 0.9037, 0.8681, 0.9806]]), tensor([[0.8665, 0.2723, 0.7585, 0.9063, 0.8681, 0.9806]]), tensor([[0.8613, 0.2768, 0.7589, 0.9022, 0.8681, 0.9806]]), tensor([[0.8597, 0.2755, 0.7579, 0.8968, 0.8681, 0.9806]]), tensor([[0.8660, 0.2657, 0.7577, 0.9048, 0.8681, 0.9806]]), tensor([[0.8884, 0.2613, 0.7487, 0.8940, 0.8681, 0.9806]]), tensor([[0.8799, 0.2557, 0.7467, 0.8833, 0.8681, 0.9806]])]
takg: [tensor(0.0515), tensor(0.0215), tensor(0.0173), tensor(0.0079), tensor(-0.0079), tensor(-0.0017), tensor(0.0265), tensor(0.0676), tensor(0.0370), tensor(-0.0047)]
Best x: tensor([[0.8660, 0.2657, 0.7577, 0.9048, 0.8681, 0.9806]])
Best takg: 0.06763623654842377
-----------------------------------------------------------
x: [tensor([[0.5486, 0.7445, 0.0611, 0.8647, 0.6514, 0.4389]]), tensor([[0.5481, 0.7514, 0.0580, 0.8649, 0.6514, 0.4389]]), tensor([[0.5472, 0.7456, 0.0610, 0.8500, 0.6514, 0.4389]]), tensor([[0.5481, 0.7402, 0.0635, 0.8505, 0.6514, 0.4389]]), tensor([[0.5483, 0.7393, 0.0639, 0.8505, 0.6514, 0.4389]]), tensor([[0.5485, 0.7318, 0.0516, 0.8503, 0.6514, 0.4389]]), tensor([[0.5479, 0.7380, 0.0491, 0.8508, 0.6514, 0.4389]]), tensor([[0.5478, 0.7390, 0.0489, 0.8502, 0.6514, 0.4389]]), tensor([[0.5473, 0.7338, 0.0465, 0.8524, 0.6514, 0.4389]]), tensor([[0.5471, 0.7269, 0.0457, 0.8485, 0.6514, 0.4389]])]
takg: [tensor(0.0858), tensor(-0.0156), tensor(-0.0081), tensor(-0.0203), tensor(0.1027), tensor(-0.0796), tensor(0.0954), tensor(-0.0734), tensor(-0.0399), tensor(-0.1195)]
Best x: tensor([[0.5483, 0.7393, 0.0639, 0.8505, 0.6514, 0.4389]])
Best takg: 0.10270343720912933
-----------------------------------------------------------
x: [tensor([[0.7700, 0.5587, 0.3874, 0.1725, 0.5406, 0.7240]]), tensor([[0.7699, 0.5589, 0.3859, 0.1720, 0.5406, 0.7240]]), tensor([[0.7763, 0.5564, 0.3854, 0.1697, 0.5406, 0.7240]]), tensor([[0.7766, 0.5566, 0.3924, 0.1716, 0.5406, 0.7240]]), tensor([[0.7734, 0.5562, 0.3940, 0.1706, 0.5406, 0.7240]]), tensor([[0.7725, 0.5694, 0.3869, 0.1679, 0.5406, 0.7240]]), tensor([[0.7784, 0.5703, 0.3853, 0.1652, 0.5406, 0.7240]]), tensor([[0.7724, 0.5663, 0.3835, 0.1654, 0.5406, 0.7240]]), tensor([[0.7681, 0.5629, 0.3855, 0.1646, 0.5406, 0.7240]]), tensor([[0.7833, 0.5672, 0.3723, 0.1617, 0.5406, 0.7240]])]
takg: [tensor(0.0477), tensor(0.0349), tensor(-0.0463), tensor(-0.0145), tensor(-0.0663), tensor(-0.0060), tensor(0.0249), tensor(0.0193), tensor(-0.0099), tensor(-0.0630)]
Best x: tensor([[0.7700, 0.5587, 0.3874, 0.1725, 0.5406, 0.7240]])
Best takg: 0.04768547788262367
-----------------------------------------------------------
x: [tensor([[0.3183, 0.7130, 0.9791, 0.4380, 0.1743, 0.9965]]), tensor([[0.3201, 0.7101, 0.9731, 0.4393, 0.1743, 0.9965]]), tensor([[0.3316, 0.7035, 0.9777, 0.4395, 0.1743, 0.9965]]), tensor([[0.3300, 0.7066, 0.9781, 0.4394, 0.1743, 0.9965]]), tensor([[0.3352, 0.6953, 0.9809, 0.4358, 0.1743, 0.9965]]), tensor([[0.3331, 0.6852, 0.9800, 0.4249, 0.1743, 0.9965]]), tensor([[0.3331, 0.6906, 0.9748, 0.4333, 0.1743, 0.9965]]), tensor([[0.3318, 0.6783, 0.9871, 0.4352, 0.1743, 0.9965]]), tensor([[0.3261, 0.6839, 0.9979, 0.4403, 0.1743, 0.9965]]), tensor([[0.3276, 0.6762, 0.9962, 0.4406, 0.1743, 0.9965]])]
takg: [tensor(0.0595), tensor(0.0696), tensor(-0.1124), tensor(-0.1340), tensor(-0.1566), tensor(0.1758), tensor(0.1823), tensor(0.0327), tensor(0.0859), tensor(0.0646)]
Best x: tensor([[0.3331, 0.6906, 0.9748, 0.4333, 0.1743, 0.9965]])
Best takg: 0.18225710093975067
-----------------------------------------------------------
x: [tensor([[0.0065, 0.3163, 0.6862, 0.1835, 0.1069, 0.5544]]), tensor([[0.0069, 0.3178, 0.6859, 0.1850, 0.1069, 0.5544]]), tensor([[0.0090, 0.3158, 0.6840, 0.1830, 0.1069, 0.5544]]), tensor([[0.0081, 0.3133, 0.6848, 0.1801, 0.1069, 0.5544]]), tensor([[0.0090, 0.3147, 0.6845, 0.1818, 0.1069, 0.5544]]), tensor([[0.0121, 0.3211, 0.6824, 0.1913, 0.1069, 0.5544]]), tensor([[0.0097, 0.3163, 0.6841, 0.1846, 0.1069, 0.5544]]), tensor([[0.0096, 0.3164, 0.6841, 0.1847, 0.1069, 0.5544]]), tensor([[0.0093, 0.3148, 0.6847, 0.1828, 0.1069, 0.5544]]), tensor([[0.0144, 0.3211, 0.6794, 0.1924, 0.1069, 0.5544]])]
takg: [tensor(0.5025), tensor(0.8684), tensor(0.7067), tensor(0.7132), tensor(1.0488), tensor(0.8860), tensor(0.5520), tensor(0.4188), tensor(1.0072), tensor(0.3606)]
Best x: tensor([[0.0090, 0.3147, 0.6845, 0.1818, 0.1069, 0.5544]])
Best takg: 1.0487947463989258
-----------------------------------------------------------
x: [tensor([[0.9071, 0.9790, 0.4288, 0.8741, 0.0888, 0.5038]]), tensor([[0.9149, 0.9814, 0.4268, 0.8694, 0.0888, 0.5038]]), tensor([[0.9076, 0.9819, 0.4224, 0.8698, 0.0888, 0.5038]]), tensor([[0.9129, 0.9928, 0.4167, 0.8788, 0.0888, 0.5038]]), tensor([[0.9143, 0.9914, 0.4153, 0.8765, 0.0888, 0.5038]]), tensor([[0.9076, 0.9918, 0.4068, 0.8749, 0.0888, 0.5038]]), tensor([[0.9112, 0.9940, 0.4088, 0.8762, 0.0888, 0.5038]]), tensor([[0.9156, 0.9974, 0.4076, 0.8794, 0.0888, 0.5038]]), tensor([[0.9212, 0.9977, 0.4007, 0.8798, 0.0888, 0.5038]]), tensor([[0.9091, 0.9968, 0.3966, 0.8760, 0.0888, 0.5038]])]
takg: [tensor(0.5846), tensor(0.0033), tensor(0.2060), tensor(0.4529), tensor(0.5505), tensor(-0.0785), tensor(0.4530), tensor(0.2323), tensor(0.2716), tensor(0.1208)]
Best x: tensor([[0.9071, 0.9790, 0.4288, 0.8741, 0.0888, 0.5038]])
Best takg: 0.584596574306488
-----------------------------------------------------------
x: [tensor([[0.5380, 0.2866, 0.3883, 0.8411, 0.3656, 0.9899]]), tensor([[0.5397, 0.2841, 0.3863, 0.8390, 0.3656, 0.9899]]), tensor([[0.5446, 0.2830, 0.3806, 0.8399, 0.3656, 0.9899]]), tensor([[0.5345, 0.2906, 0.3852, 0.8391, 0.3656, 0.9899]]), tensor([[0.5383, 0.2827, 0.3800, 0.8406, 0.3656, 0.9899]]), tensor([[0.5370, 0.2858, 0.3823, 0.8436, 0.3656, 0.9899]]), tensor([[0.5396, 0.2854, 0.3828, 0.8409, 0.3656, 0.9899]]), tensor([[0.5430, 0.2855, 0.3761, 0.8399, 0.3656, 0.9899]]), tensor([[0.5424, 0.2794, 0.3739, 0.8383, 0.3656, 0.9899]]), tensor([[0.5388, 0.2818, 0.3784, 0.8410, 0.3656, 0.9899]])]
takg: [tensor(0.1154), tensor(0.1057), tensor(0.1031), tensor(0.0680), tensor(-0.0009), tensor(-0.0344), tensor(0.0207), tensor(0.1020), tensor(0.0513), tensor(0.1038)]
Best x: tensor([[0.5380, 0.2866, 0.3883, 0.8411, 0.3656, 0.9899]])
Best takg: 0.11536236852407455
-----------------------------------------------------------
x: [tensor([[0.8867, 0.9674, 0.1258, 0.9401, 0.3809, 0.5191]]), tensor([[0.8866, 0.9650, 0.1271, 0.9388, 0.3809, 0.5191]]), tensor([[0.8862, 0.9652, 0.1264, 0.9377, 0.3809, 0.5191]]), tensor([[0.8879, 0.9635, 0.1292, 0.9380, 0.3809, 0.5191]]), tensor([[0.8890, 0.9642, 0.1245, 0.9416, 0.3809, 0.5191]]), tensor([[0.8895, 0.9665, 0.1231, 0.9426, 0.3809, 0.5191]]), tensor([[0.8899, 0.9665, 0.1251, 0.9403, 0.3809, 0.5191]]), tensor([[0.8896, 0.9655, 0.1258, 0.9396, 0.3809, 0.5191]]), tensor([[0.8891, 0.9637, 0.1260, 0.9387, 0.3809, 0.5191]]), tensor([[0.8882, 0.9641, 0.1251, 0.9393, 0.3809, 0.5191]])]
takg: [tensor(0.0416), tensor(-0.0621), tensor(-0.0239), tensor(-0.0691), tensor(-0.0455), tensor(0.0100), tensor(-0.0661), tensor(-0.0925), tensor(0.1858), tensor(0.0120)]
Best x: tensor([[0.8891, 0.9637, 0.1260, 0.9387, 0.3809, 0.5191]])
Best takg: 0.1858386993408203
-----------------------------------------------------------
x: [tensor([[0.2643, 0.0482, 0.5547, 0.3888, 0.6520, 0.5717]]), tensor([[0.2641, 0.0509, 0.5536, 0.3881, 0.6520, 0.5717]]), tensor([[0.2666, 0.0516, 0.5513, 0.3911, 0.6520, 0.5717]]), tensor([[0.2672, 0.0513, 0.5509, 0.3913, 0.6520, 0.5717]]), tensor([[0.2664, 0.0455, 0.5528, 0.3893, 0.6520, 0.5717]]), tensor([[0.2665, 0.0466, 0.5521, 0.3899, 0.6520, 0.5717]]), tensor([[0.2675, 0.0480, 0.5515, 0.3907, 0.6520, 0.5717]]), tensor([[0.2684, 0.0479, 0.5520, 0.3913, 0.6520, 0.5717]]), tensor([[0.2701, 0.0482, 0.5524, 0.3913, 0.6520, 0.5717]]), tensor([[0.2720, 0.0441, 0.5544, 0.3899, 0.6520, 0.5717]])]
takg: [tensor(-0.0615), tensor(0.0747), tensor(0.0725), tensor(0.1146), tensor(0.1230), tensor(0.1335), tensor(0.0963), tensor(0.1041), tensor(0.1397), tensor(0.0319)]
Best x: tensor([[0.2701, 0.0482, 0.5524, 0.3913, 0.6520, 0.5717]])
Best takg: 0.13970251381397247
-----------------------------------------------------------
x: [tensor([[0.1168, 0.4439, 0.7523, 0.5661, 0.9108, 0.4260]]), tensor([[0.1156, 0.4436, 0.7550, 0.5696, 0.9108, 0.4260]]), tensor([[0.1183, 0.4388, 0.7511, 0.5730, 0.9108, 0.4260]]), tensor([[0.1187, 0.4472, 0.7554, 0.5787, 0.9108, 0.4260]]), tensor([[0.1184, 0.4459, 0.7525, 0.5786, 0.9108, 0.4260]]), tensor([[0.1191, 0.4491, 0.7513, 0.5805, 0.9108, 0.4260]]), tensor([[0.1144, 0.4534, 0.7523, 0.5815, 0.9108, 0.4260]]), tensor([[0.1139, 0.4485, 0.7429, 0.5802, 0.9108, 0.4260]]), tensor([[0.1134, 0.4424, 0.7455, 0.5994, 0.9108, 0.4260]]), tensor([[0.1145, 0.4385, 0.7385, 0.6038, 0.9108, 0.4260]])]
takg: [tensor(0.0416), tensor(0.0317), tensor(0.0139), tensor(0.1042), tensor(0.0846), tensor(0.0035), tensor(-0.0439), tensor(-0.0010), tensor(0.0125), tensor(0.0015)]
Best x: tensor([[0.1187, 0.4472, 0.7554, 0.5787, 0.9108, 0.4260]])
Best takg: 0.10422424972057343
-----------------------------------------------------------
x: [tensor([[0.7651, 0.9788, 0.5564, 0.1713, 0.0177, 0.7655]]), tensor([[0.7653, 0.9777, 0.5579, 0.1719, 0.0177, 0.7655]]), tensor([[0.7678, 0.9809, 0.5577, 0.1703, 0.0177, 0.7655]]), tensor([[0.7678, 0.9809, 0.5577, 0.1703, 0.0177, 0.7655]]), tensor([[0.7696, 0.9827, 0.5574, 0.1691, 0.0177, 0.7655]]), tensor([[0.7710, 0.9842, 0.5575, 0.1684, 0.0177, 0.7655]]), tensor([[0.7750, 0.9832, 0.5591, 0.1701, 0.0177, 0.7655]]), tensor([[0.7739, 0.9798, 0.5441, 0.1776, 0.0177, 0.7655]]), tensor([[0.7761, 0.9798, 0.5396, 0.1856, 0.0177, 0.7655]]), tensor([[0.7759, 0.9816, 0.5397, 0.1849, 0.0177, 0.7655]])]
takg: [tensor(1.0827), tensor(2.1895), tensor(3.0845), tensor(2.6299), tensor(0.3776), tensor(1.5304), tensor(1.1685), tensor(-0.8719), tensor(1.3690), tensor(2.5902)]
Best x: tensor([[0.7678, 0.9809, 0.5577, 0.1703, 0.0177, 0.7655]])
Best takg: 3.084519863128662
-----------------------------------------------------------
x: [tensor([[0.6711, 0.5257, 0.4886, 0.6349, 0.3524, 0.5654]]), tensor([[0.6737, 0.5298, 0.4929, 0.6284, 0.3524, 0.5654]]), tensor([[0.6730, 0.5274, 0.4922, 0.6283, 0.3524, 0.5654]]), tensor([[0.6708, 0.5248, 0.4969, 0.6193, 0.3524, 0.5654]]), tensor([[0.6732, 0.5381, 0.4991, 0.6103, 0.3524, 0.5654]]), tensor([[0.6745, 0.5370, 0.4977, 0.6117, 0.3524, 0.5654]]), tensor([[0.6734, 0.5360, 0.5008, 0.6138, 0.3524, 0.5654]]), tensor([[0.6760, 0.5398, 0.4954, 0.6198, 0.3524, 0.5654]]), tensor([[0.6765, 0.5387, 0.4997, 0.6252, 0.3524, 0.5654]]), tensor([[0.6728, 0.5334, 0.5064, 0.6153, 0.3524, 0.5654]])]
takg: [tensor(0.1481), tensor(0.0165), tensor(0.0831), tensor(-0.0031), tensor(0.0898), tensor(0.0052), tensor(0.0414), tensor(0.0303), tensor(0.0701), tensor(0.1242)]
Best x: tensor([[0.6711, 0.5257, 0.4886, 0.6349, 0.3524, 0.5654]])
Best takg: 0.14811281859874725
-----------------------------------------------------------
x: [tensor([[0.5784, 0.8831, 0.0792, 0.7245, 0.4350, 0.8744]]), tensor([[0.5782, 0.8874, 0.0796, 0.7208, 0.4350, 0.8744]]), tensor([[0.5781, 0.8864, 0.0820, 0.7181, 0.4350, 0.8744]]), tensor([[0.5781, 0.8804, 0.0893, 0.7103, 0.4350, 0.8744]]), tensor([[0.5762, 0.8758, 0.0942, 0.7069, 0.4350, 0.8744]]), tensor([[0.5763, 0.8876, 0.0932, 0.6994, 0.4350, 0.8744]]), tensor([[0.5980, 0.8910, 0.0907, 0.7003, 0.4350, 0.8744]]), tensor([[0.5963, 0.8908, 0.0940, 0.7007, 0.4350, 0.8744]]), tensor([[0.5856, 0.9029, 0.0850, 0.7066, 0.4350, 0.8744]]), tensor([[0.5778, 0.9071, 0.0767, 0.7073, 0.4350, 0.8744]])]
takg: [tensor(0.0396), tensor(0.1189), tensor(0.1559), tensor(0.0510), tensor(0.1571), tensor(0.1061), tensor(0.0145), tensor(0.0558), tensor(0.1293), tensor(0.0928)]
Best x: tensor([[0.5762, 0.8758, 0.0942, 0.7069, 0.4350, 0.8744]])
Best takg: 0.1571008861064911
-----------------------------------------------------------
x: [tensor([[0.5689, 0.3098, 0.9027, 0.6836, 0.3544, 0.7112]]), tensor([[0.5697, 0.3113, 0.9030, 0.6846, 0.3544, 0.7112]]), tensor([[0.5691, 0.3116, 0.9036, 0.6847, 0.3544, 0.7112]]), tensor([[0.5711, 0.3131, 0.9000, 0.6878, 0.3544, 0.7112]]), tensor([[0.5749, 0.3243, 0.9010, 0.6866, 0.3544, 0.7112]]), tensor([[0.5752, 0.3239, 0.9001, 0.6895, 0.3544, 0.7112]]), tensor([[0.5758, 0.3222, 0.8949, 0.6900, 0.3544, 0.7112]]), tensor([[0.5762, 0.3225, 0.8945, 0.6899, 0.3544, 0.7112]]), tensor([[0.5762, 0.3215, 0.8942, 0.6881, 0.3544, 0.7112]]), tensor([[0.5714, 0.3109, 0.9011, 0.6867, 0.3544, 0.7112]])]
takg: [tensor(0.0404), tensor(0.0222), tensor(0.0136), tensor(0.1005), tensor(0.1209), tensor(0.1098), tensor(0.2825), tensor(0.1230), tensor(0.0730), tensor(0.1621)]
Best x: tensor([[0.5758, 0.3222, 0.8949, 0.6900, 0.3544, 0.7112]])
Best takg: 0.2825019955635071
-----------------------------------------------------------
x: [tensor([[0.9537, 0.5103, 0.0259, 0.6227, 0.1476, 0.1585]]), tensor([[0.9539, 0.5091, 0.0285, 0.6206, 0.1476, 0.1585]]), tensor([[0.9512, 0.5064, 0.0318, 0.6179, 0.1476, 0.1585]]), tensor([[0.9525, 0.5052, 0.0297, 0.6195, 0.1476, 0.1585]]), tensor([[0.9532, 0.5070, 0.0293, 0.6195, 0.1476, 0.1585]]), tensor([[0.9533, 0.5057, 0.0344, 0.6205, 0.1476, 0.1585]]), tensor([[0.9464, 0.5031, 0.0320, 0.6241, 0.1476, 0.1585]]), tensor([[0.9447, 0.5052, 0.0321, 0.6251, 0.1476, 0.1585]]), tensor([[0.9419, 0.5007, 0.0268, 0.6262, 0.1476, 0.1585]]), tensor([[0.9407, 0.5028, 0.0300, 0.6256, 0.1476, 0.1585]])]
takg: [tensor(0.1159), tensor(0.8188), tensor(0.3347), tensor(-0.0239), tensor(0.2393), tensor(0.5849), tensor(0.8152), tensor(0.2136), tensor(0.5016), tensor(0.3799)]
Best x: tensor([[0.9539, 0.5091, 0.0285, 0.6206, 0.1476, 0.1585]])
Best takg: 0.818800151348114
-----------------------------------------------------------
x: [tensor([[0.9108, 0.9345, 0.1357, 0.8538, 0.7140, 0.1753]]), tensor([[0.8958, 0.9510, 0.1358, 0.8470, 0.7140, 0.1753]]), tensor([[0.8925, 0.9415, 0.1366, 0.8474, 0.7140, 0.1753]]), tensor([[0.8947, 0.9404, 0.1270, 0.8513, 0.7140, 0.1753]]), tensor([[0.8933, 0.9427, 0.1287, 0.8491, 0.7140, 0.1753]]), tensor([[0.8938, 0.9585, 0.1341, 0.8536, 0.7140, 0.1753]]), tensor([[0.8982, 0.9529, 0.1282, 0.8543, 0.7140, 0.1753]]), tensor([[0.8974, 0.9550, 0.1220, 0.8605, 0.7140, 0.1753]]), tensor([[0.8926, 0.9298, 0.1277, 0.8514, 0.7140, 0.1753]]), tensor([[0.8873, 0.9274, 0.1324, 0.8492, 0.7140, 0.1753]])]
takg: [tensor(0.1243), tensor(0.2327), tensor(0.0545), tensor(0.2161), tensor(0.1149), tensor(0.1666), tensor(0.2615), tensor(0.1735), tensor(0.2694), tensor(0.1518)]
Best x: tensor([[0.8926, 0.9298, 0.1277, 0.8514, 0.7140, 0.1753]])
Best takg: 0.26941508054733276
-----------------------------------------------------------
x: [tensor([[0.7504, 0.3533, 0.0861, 0.9288, 0.2593, 0.4120]]), tensor([[0.7478, 0.3529, 0.0867, 0.9249, 0.2593, 0.4120]]), tensor([[0.7479, 0.3508, 0.0866, 0.9254, 0.2593, 0.4120]]), tensor([[0.7481, 0.3520, 0.0852, 0.9248, 0.2593, 0.4120]]), tensor([[0.7535, 0.3536, 0.0830, 0.9273, 0.2593, 0.4120]]), tensor([[0.7550, 0.3539, 0.0828, 0.9267, 0.2593, 0.4120]]), tensor([[0.7528, 0.3534, 0.0832, 0.9234, 0.2593, 0.4120]]), tensor([[0.7519, 0.3533, 0.0837, 0.9224, 0.2593, 0.4120]]), tensor([[0.7528, 0.3527, 0.0836, 0.9235, 0.2593, 0.4120]]), tensor([[0.7506, 0.3560, 0.0849, 0.9208, 0.2593, 0.4120]])]
takg: [tensor(0.2390), tensor(0.0316), tensor(0.2371), tensor(0.1530), tensor(-0.0541), tensor(-0.0835), tensor(-0.1923), tensor(0.0704), tensor(-0.0526), tensor(-0.0225)]
Best x: tensor([[0.7504, 0.3533, 0.0861, 0.9288, 0.2593, 0.4120]])
Best takg: 0.23899969458580017
-----------------------------------------------------------
x: [tensor([[0.4019, 0.9000, 0.2251, 0.4756, 0.0316, 0.5334]]), tensor([[0.4037, 0.8994, 0.2218, 0.4777, 0.0316, 0.5334]]), tensor([[0.4097, 0.9001, 0.2212, 0.4755, 0.0316, 0.5334]]), tensor([[0.4101, 0.9006, 0.2207, 0.4801, 0.0316, 0.5334]]), tensor([[0.4081, 0.9027, 0.2199, 0.4789, 0.0316, 0.5334]]), tensor([[0.4018, 0.9048, 0.2159, 0.4774, 0.0316, 0.5334]]), tensor([[0.3999, 0.9050, 0.2178, 0.4751, 0.0316, 0.5334]]), tensor([[0.3965, 0.9037, 0.2173, 0.4784, 0.0316, 0.5334]]), tensor([[0.4003, 0.9041, 0.2151, 0.4786, 0.0316, 0.5334]]), tensor([[0.3976, 0.9039, 0.2150, 0.4816, 0.0316, 0.5334]])]
takg: [tensor(1.6130), tensor(0.0437), tensor(2.5428), tensor(1.3568), tensor(1.3494), tensor(2.5426), tensor(-0.0613), tensor(0.4893), tensor(-0.0338), tensor(-0.0365)]
Best x: tensor([[0.4097, 0.9001, 0.2212, 0.4755, 0.0316, 0.5334]])
Best takg: 2.542799711227417
-----------------------------------------------------------
x: [tensor([[0.9424, 0.3329, 0.6146, 0.5875, 0.6269, 0.4456]]), tensor([[0.9402, 0.3323, 0.6144, 0.5897, 0.6269, 0.4456]]), tensor([[0.9482, 0.3317, 0.6131, 0.5855, 0.6269, 0.4456]]), tensor([[0.9616, 0.3335, 0.6143, 0.5744, 0.6269, 0.4456]]), tensor([[0.9660, 0.3374, 0.6135, 0.5709, 0.6269, 0.4456]]), tensor([[0.9860, 0.3390, 0.6125, 0.5586, 0.6269, 0.4456]]), tensor([[0.9884, 0.3364, 0.6138, 0.5467, 0.6269, 0.4456]]), tensor([[0.9919, 0.3413, 0.6093, 0.5485, 0.6269, 0.4456]]), tensor([[0.9939, 0.3434, 0.6078, 0.5501, 0.6269, 0.4456]]), tensor([[0.9975, 0.3436, 0.6020, 0.5554, 0.6269, 0.4456]])]
takg: [tensor(0.0906), tensor(0.0426), tensor(-0.0106), tensor(0.0106), tensor(0.1128), tensor(-0.0237), tensor(-0.0175), tensor(0.0519), tensor(0.0221), tensor(0.0040)]
Best x: tensor([[0.9660, 0.3374, 0.6135, 0.5709, 0.6269, 0.4456]])
Best takg: 0.1128479391336441
-----------------------------------------------------------
x: [tensor([[0.6714, 0.6838, 0.9216, 0.5707, 0.7639, 0.2822]]), tensor([[0.6711, 0.6835, 0.9224, 0.5711, 0.7639, 0.2822]]), tensor([[0.6712, 0.6844, 0.9188, 0.5694, 0.7639, 0.2822]]), tensor([[0.6709, 0.6841, 0.9180, 0.5693, 0.7639, 0.2822]]), tensor([[0.6707, 0.6865, 0.9214, 0.5707, 0.7639, 0.2822]]), tensor([[0.6712, 0.6847, 0.9219, 0.5699, 0.7639, 0.2822]]), tensor([[0.6711, 0.6824, 0.9188, 0.5687, 0.7639, 0.2822]]), tensor([[0.6706, 0.6821, 0.9184, 0.5687, 0.7639, 0.2822]]), tensor([[0.6704, 0.6858, 0.9179, 0.5709, 0.7639, 0.2822]]), tensor([[0.6704, 0.6864, 0.9188, 0.5712, 0.7639, 0.2822]])]
takg: [tensor(-0.7265), tensor(1.2468), tensor(-3.9287), tensor(0.5116), tensor(-0.8492), tensor(1.2696), tensor(-0.8420), tensor(-2.2299), tensor(2.2883), tensor(3.7267)]
Best x: tensor([[0.6704, 0.6864, 0.9188, 0.5712, 0.7639, 0.2822]])
Best takg: 3.7266976833343506
-----------------------------------------------------------
x: [tensor([[0.6225, 0.2928, 0.5349, 0.6235, 0.3708, 0.3036]]), tensor([[0.6290, 0.2926, 0.5354, 0.6184, 0.3708, 0.3036]]), tensor([[0.6280, 0.3013, 0.5343, 0.6239, 0.3708, 0.3036]]), tensor([[0.6275, 0.3026, 0.5344, 0.6237, 0.3708, 0.3036]]), tensor([[0.6270, 0.3026, 0.5337, 0.6235, 0.3708, 0.3036]]), tensor([[0.6202, 0.3109, 0.5335, 0.6261, 0.3708, 0.3036]]), tensor([[0.6192, 0.3099, 0.5322, 0.6271, 0.3708, 0.3036]]), tensor([[0.6172, 0.3169, 0.5332, 0.6321, 0.3708, 0.3036]]), tensor([[0.6172, 0.3149, 0.5331, 0.6324, 0.3708, 0.3036]]), tensor([[0.6170, 0.3144, 0.5323, 0.6334, 0.3708, 0.3036]])]
takg: [tensor(-2.5833), tensor(8.1473), tensor(2.5963), tensor(8.2955), tensor(3.8505), tensor(8.8180), tensor(7.1373), tensor(13.3706), tensor(1.0111), tensor(9.7514)]
Best x: tensor([[0.6172, 0.3169, 0.5332, 0.6321, 0.3708, 0.3036]])
Best takg: 13.370577812194824
-----------------------------------------------------------
x: [tensor([[0.6200, 0.4565, 0.3127, 0.3356, 0.1071, 0.9185]]), tensor([[0.6233, 0.4574, 0.3133, 0.3409, 0.1071, 0.9185]]), tensor([[0.6223, 0.4567, 0.3130, 0.3418, 0.1071, 0.9185]]), tensor([[0.6142, 0.4555, 0.3078, 0.3443, 0.1071, 0.9185]]), tensor([[0.6122, 0.4577, 0.3142, 0.3413, 0.1071, 0.9185]]), tensor([[0.6101, 0.4582, 0.3161, 0.3443, 0.1071, 0.9185]]), tensor([[0.6102, 0.4580, 0.3169, 0.3445, 0.1071, 0.9185]]), tensor([[0.6082, 0.4580, 0.3191, 0.3410, 0.1071, 0.9185]]), tensor([[0.6041, 0.4583, 0.3152, 0.3427, 0.1071, 0.9185]]), tensor([[0.6088, 0.4595, 0.3197, 0.3400, 0.1071, 0.9185]])]
takg: [tensor(21.0313), tensor(24.3758), tensor(8.5205), tensor(7.9465), tensor(14.0211), tensor(26.5348), tensor(17.7950), tensor(21.6850), tensor(26.7297), tensor(6.7384)]
Best x: tensor([[0.6041, 0.4583, 0.3152, 0.3427, 0.1071, 0.9185]])
Best takg: 26.72966957092285
-----------------------------------------------------------
x: [tensor([[0.1249, 0.7880, 0.8542, 0.9900, 0.3927, 0.3299]]), tensor([[0.1230, 0.7868, 0.8551, 0.9925, 0.3927, 0.3299]]), tensor([[0.1151, 0.7916, 0.8622, 0.9989, 0.3927, 0.3299]]), tensor([[0.1121, 0.7909, 0.8646, 0.9955, 0.3927, 0.3299]]), tensor([[0.1164, 0.7919, 0.8699, 0.9994, 0.3927, 0.3299]]), tensor([[0.1253, 0.7942, 0.8645, 1.0084, 0.3927, 0.3299]]), tensor([[0.1269, 0.7953, 0.8628, 1.0068, 0.3927, 0.3299]]), tensor([[0.1260, 0.7896, 0.8628, 1.0056, 0.3927, 0.3299]]), tensor([[0.1308, 0.7954, 0.8603, 1.0012, 0.3927, 0.3299]]), tensor([[0.1358, 0.7947, 0.8473, 1.0025, 0.3927, 0.3299]])]
takg: [tensor(12.9361), tensor(10.7964), tensor(4.8404), tensor(3.2597), tensor(5.1211), tensor(4.9826), tensor(1.9529), tensor(7.7672), tensor(6.7624), tensor(2.1794)]
Best x: tensor([[0.1249, 0.7880, 0.8542, 0.9900, 0.3927, 0.3299]])
Best takg: 12.936136245727539
-----------------------------------------------------------
x: [tensor([[0.7230, 0.7506, 0.7195, 0.3766, 0.4759, 0.9534]]), tensor([[0.7224, 0.7464, 0.7214, 0.3796, 0.4759, 0.9534]]), tensor([[0.7216, 0.7473, 0.7206, 0.3790, 0.4759, 0.9534]]), tensor([[0.7212, 0.7462, 0.7201, 0.3801, 0.4759, 0.9534]]), tensor([[0.7218, 0.7466, 0.7170, 0.3798, 0.4759, 0.9534]]), tensor([[0.7222, 0.7487, 0.7171, 0.3776, 0.4759, 0.9534]]), tensor([[0.7196, 0.7524, 0.7162, 0.3777, 0.4759, 0.9534]]), tensor([[0.7212, 0.7526, 0.7109, 0.3775, 0.4759, 0.9534]]), tensor([[0.7212, 0.7520, 0.7109, 0.3779, 0.4759, 0.9534]]), tensor([[0.7214, 0.7520, 0.7109, 0.3778, 0.4759, 0.9534]])]
takg: [tensor(1.5061), tensor(2.1897), tensor(0.2480), tensor(0.0928), tensor(0.0767), tensor(2.3401), tensor(-0.7208), tensor(1.9907), tensor(0.7357), tensor(0.0110)]
Best x: tensor([[0.7222, 0.7487, 0.7171, 0.3776, 0.4759, 0.9534]])
Best takg: 2.3400628566741943
-----------------------------------------------------------
x: [tensor([[0.6346, 0.2569, 0.3060, 0.9579, 0.2927, 0.4227]]), tensor([[0.6340, 0.2677, 0.3012, 0.9535, 0.2927, 0.4227]]), tensor([[0.6398, 0.2664, 0.3065, 0.9548, 0.2927, 0.4227]]), tensor([[0.6413, 0.2688, 0.3038, 0.9531, 0.2927, 0.4227]]), tensor([[0.6382, 0.2707, 0.3048, 0.9551, 0.2927, 0.4227]]), tensor([[0.6345, 0.2600, 0.3137, 0.9636, 0.2927, 0.4227]]), tensor([[0.6357, 0.2627, 0.3124, 0.9614, 0.2927, 0.4227]]), tensor([[0.6415, 0.2624, 0.3016, 0.9714, 0.2927, 0.4227]]), tensor([[0.6419, 0.2583, 0.3031, 0.9717, 0.2927, 0.4227]]), tensor([[0.6229, 0.2540, 0.2979, 0.9805, 0.2927, 0.4227]])]
takg: [tensor(0.9897), tensor(6.0247), tensor(-0.7035), tensor(6.1964), tensor(1.8039), tensor(6.2063), tensor(12.1245), tensor(-3.9549), tensor(2.4405), tensor(11.1145)]
Best x: tensor([[0.6357, 0.2627, 0.3124, 0.9614, 0.2927, 0.4227]])
Best takg: 12.124497413635254
-----------------------------------------------------------
x: [tensor([[0.3945, 0.6866, 0.0518, 0.1318, 0.5890, 0.4354]]), tensor([[0.3907, 0.6903, 0.0522, 0.1292, 0.5890, 0.4354]]), tensor([[0.3896, 0.6831, 0.0535, 0.1305, 0.5890, 0.4354]]), tensor([[0.3890, 0.6819, 0.0534, 0.1346, 0.5890, 0.4354]]), tensor([[0.3879, 0.6843, 0.0531, 0.1334, 0.5890, 0.4354]]), tensor([[0.3842, 0.6900, 0.0532, 0.1299, 0.5890, 0.4354]]), tensor([[0.3890, 0.6835, 0.0541, 0.1328, 0.5890, 0.4354]]), tensor([[0.3907, 0.6822, 0.0542, 0.1321, 0.5890, 0.4354]]), tensor([[0.3915, 0.6809, 0.0542, 0.1328, 0.5890, 0.4354]]), tensor([[0.3842, 0.6853, 0.0567, 0.1390, 0.5890, 0.4354]])]
takg: [tensor(-1.4094), tensor(-0.3061), tensor(3.7825), tensor(1.2647), tensor(1.0737), tensor(0.1858), tensor(7.2462), tensor(2.0708), tensor(3.4928), tensor(3.6413)]
Best x: tensor([[0.3890, 0.6835, 0.0541, 0.1328, 0.5890, 0.4354]])
Best takg: 7.2461934089660645
-----------------------------------------------------------
x: [tensor([[0.5598, 0.5924, 0.5165, 0.2236, 0.7898, 0.4118]]), tensor([[0.5582, 0.5945, 0.5156, 0.2218, 0.7898, 0.4118]]), tensor([[0.5609, 0.5880, 0.5181, 0.2245, 0.7898, 0.4118]]), tensor([[0.5598, 0.5887, 0.5199, 0.2257, 0.7898, 0.4118]]), tensor([[0.5590, 0.5902, 0.5198, 0.2254, 0.7898, 0.4118]]), tensor([[0.5616, 0.5944, 0.5257, 0.2250, 0.7898, 0.4118]]), tensor([[0.5622, 0.5955, 0.5228, 0.2267, 0.7898, 0.4118]]), tensor([[0.5602, 0.5888, 0.5178, 0.2268, 0.7898, 0.4118]]), tensor([[0.5593, 0.5972, 0.5222, 0.2245, 0.7898, 0.4118]]), tensor([[0.5577, 0.5985, 0.5252, 0.2353, 0.7898, 0.4118]])]
takg: [tensor(0.5838), tensor(3.5767), tensor(5.6259), tensor(3.6824), tensor(5.8617), tensor(3.7292), tensor(3.3138), tensor(1.3289), tensor(3.1830), tensor(6.2970)]
Best x: tensor([[0.5577, 0.5985, 0.5252, 0.2353, 0.7898, 0.4118]])
Best takg: 6.297019958496094
-----------------------------------------------------------
x: [tensor([[0.4220, 0.8676, 0.2608, 0.7999, 0.7757, 0.0431]]), tensor([[0.4177, 0.8617, 0.2611, 0.8037, 0.7757, 0.0431]]), tensor([[0.4152, 0.8689, 0.2560, 0.8081, 0.7757, 0.0431]]), tensor([[0.4074, 0.8619, 0.2620, 0.8027, 0.7757, 0.0431]]), tensor([[0.4066, 0.8684, 0.2556, 0.8067, 0.7757, 0.0431]]), tensor([[0.4040, 0.8729, 0.2510, 0.8111, 0.7757, 0.0431]]), tensor([[0.4020, 0.8786, 0.2467, 0.8150, 0.7757, 0.0431]]), tensor([[0.3993, 0.8789, 0.2476, 0.8147, 0.7757, 0.0431]]), tensor([[0.4011, 0.8817, 0.2455, 0.8113, 0.7757, 0.0431]]), tensor([[0.4015, 0.8835, 0.2457, 0.8123, 0.7757, 0.0431]])]
takg: [tensor(5.0436), tensor(4.8970), tensor(15.7891), tensor(1.7458), tensor(1.5486), tensor(13.6154), tensor(10.6820), tensor(9.7280), tensor(4.2998), tensor(4.6068)]
Best x: tensor([[0.4152, 0.8689, 0.2560, 0.8081, 0.7757, 0.0431]])
Best takg: 15.789067268371582
-----------------------------------------------------------
x: [tensor([[0.2992, 0.4893, 0.3256, 0.8249, 0.1132, 0.4985]]), tensor([[0.3004, 0.4834, 0.3254, 0.8172, 0.1132, 0.4985]]), tensor([[0.3060, 0.4801, 0.3302, 0.8125, 0.1132, 0.4985]]), tensor([[0.3126, 0.4775, 0.3346, 0.8079, 0.1132, 0.4985]]), tensor([[0.3120, 0.4778, 0.3387, 0.8045, 0.1132, 0.4985]]), tensor([[0.3144, 0.4825, 0.3287, 0.7997, 0.1132, 0.4985]]), tensor([[0.3221, 0.4919, 0.3328, 0.7948, 0.1132, 0.4985]]), tensor([[0.3215, 0.4920, 0.3327, 0.7952, 0.1132, 0.4985]]), tensor([[0.3236, 0.4925, 0.3344, 0.7933, 0.1132, 0.4985]]), tensor([[0.3254, 0.4939, 0.3334, 0.7940, 0.1132, 0.4985]])]
takg: [tensor(1.8755), tensor(10.6976), tensor(-7.3151), tensor(19.2067), tensor(22.4549), tensor(18.8599), tensor(-1.1133), tensor(29.7107), tensor(29.1557), tensor(-3.9257)]
Best x: tensor([[0.3215, 0.4920, 0.3327, 0.7952, 0.1132, 0.4985]])
Best takg: 29.710739135742188
-----------------------------------------------------------
x: [tensor([[0.8729, 0.7120, 0.3331, 0.9204, 0.1859, 0.1961]], device='cuda:0'), tensor([[0.8729, 0.7123, 0.3328, 0.9203, 0.1859, 0.1961]], device='cuda:0'), tensor([[0.8713, 0.7086, 0.3310, 0.9295, 0.1859, 0.1961]], device='cuda:0'), tensor([[0.8714, 0.7106, 0.3290, 0.9294, 0.1859, 0.1961]], device='cuda:0'), tensor([[0.8732, 0.7082, 0.3227, 0.9294, 0.1859, 0.1961]], device='cuda:0'), tensor([[0.8736, 0.7071, 0.3239, 0.9294, 0.1859, 0.1961]], device='cuda:0'), tensor([[0.8732, 0.7061, 0.3249, 0.9295, 0.1859, 0.1961]], device='cuda:0'), tensor([[0.8770, 0.7009, 0.3295, 0.9312, 0.1859, 0.1961]], device='cuda:0'), tensor([[0.8766, 0.6999, 0.3290, 0.9311, 0.1859, 0.1961]], device='cuda:0'), tensor([[0.8766, 0.7005, 0.3307, 0.9288, 0.1859, 0.1961]], device='cuda:0')]
takg: [tensor(-24.3119, device='cuda:0'), tensor(11.5600, device='cuda:0'), tensor(13.1704, device='cuda:0'), tensor(11.5813, device='cuda:0'), tensor(9.5269, device='cuda:0'), tensor(38.4234, device='cuda:0'), tensor(13.8794, device='cuda:0'), tensor(10.3358, device='cuda:0'), tensor(-2.5812, device='cuda:0'), tensor(27.8793, device='cuda:0')]
Best x: tensor([[0.8736, 0.7071, 0.3239, 0.9294, 0.1859, 0.1961]], device='cuda:0')
Best takg: 38.42341613769531
-----------------------------------------------------------
x: [tensor([[0.4299, 0.3065, 0.6821, 0.3749, 0.2191, 0.7959]]), tensor([[0.4300, 0.3084, 0.6816, 0.3759, 0.2209, 0.7959]]), tensor([[0.4304, 0.3097, 0.6826, 0.3766, 0.2218, 0.7959]]), tensor([[0.4294, 0.3076, 0.6837, 0.3747, 0.2190, 0.7959]]), tensor([[0.4306, 0.3073, 0.6834, 0.3732, 0.2212, 0.7959]]), tensor([[0.4298, 0.3089, 0.6848, 0.3707, 0.2169, 0.7959]]), tensor([[0.4293, 0.3064, 0.6854, 0.3691, 0.2142, 0.7959]]), tensor([[0.4310, 0.3044, 0.6862, 0.3674, 0.2198, 0.7959]]), tensor([[0.4313, 0.3067, 0.6858, 0.3661, 0.2223, 0.7959]]), tensor([[0.4312, 0.3067, 0.6857, 0.3661, 0.2220, 0.7959]])]
takg: [tensor(0.2613), tensor(-0.3885), tensor(-0.4318), tensor(0.9042), tensor(1.1038), tensor(0.0576), tensor(0.1862), tensor(0.1145), tensor(-0.8400), tensor(-0.2629)]
Best x: tensor([[0.4306, 0.3073, 0.6834, 0.3732, 0.2212, 0.7959]])
Best takg: 1.1038241386413574
-----------------------------------------------------------
x: [tensor([[0.9612, 0.8280, 0.9352, 0.0256, 0.6419, 0.3624]]), tensor([[0.9602, 0.8259, 0.9353, 0.0236, 0.6418, 0.3624]]), tensor([[0.9544, 0.8222, 0.9322, 0.0300, 0.6312, 0.3624]]), tensor([[0.9425, 0.8147, 0.9287, 0.0397, 0.6157, 0.3624]]), tensor([[0.9365, 0.8107, 0.9267, 0.0424, 0.6084, 0.3624]]), tensor([[0.9509, 0.8099, 0.9171, 0.0484, 0.6078, 0.3624]]), tensor([[0.9521, 0.8158, 0.9200, 0.0425, 0.6135, 0.3624]]), tensor([[0.9463, 0.8204, 0.9225, 0.0478, 0.6101, 0.3624]]), tensor([[0.9443, 0.8188, 0.9237, 0.0397, 0.6025, 0.3624]]), tensor([[0.9352, 0.8222, 0.9256, 0.0438, 0.6005, 0.3624]])]
takg: [tensor(0.0116), tensor(0.8992), tensor(0.8697), tensor(0.4662), tensor(0.5971), tensor(1.2685), tensor(0.4358), tensor(1.2011), tensor(0.5375), tensor(0.8629)]
Best x: tensor([[0.9509, 0.8099, 0.9171, 0.0484, 0.6078, 0.3624]])
Best takg: 1.2685388326644897
-----------------------------------------------------------
x: [tensor([[0.3383, 0.3005, 0.0128, 0.9478, 0.1033, 0.3511]]), tensor([[0.3185, 0.3047, 0.0197, 0.9482, 0.0847, 0.3511]]), tensor([[0.2943, 0.2909, 0.0285, 0.9445, 0.1152, 0.3511]]), tensor([[0.3007, 0.2960, 0.0287, 0.9444, 0.1326, 0.3511]]), tensor([[0.2799, 0.2781, 0.0300, 0.9461, 0.1414, 0.3511]]), tensor([[0.2880, 0.2794, 0.0229, 0.9442, 0.1282, 0.3511]]), tensor([[0.2994, 0.2842, 0.0223, 0.9416, 0.1264, 0.3511]]), tensor([[0.2931, 0.2914, 0.0320, 0.9415, 0.1349, 0.3511]]), tensor([[0.2865, 0.2926, 0.0354, 0.9312, 0.1608, 0.3511]]), tensor([[0.2661, 0.2793, 0.0399, 0.9469, 0.1520, 0.3511]])]
takg: [tensor(0.3853), tensor(0.9435), tensor(1.2816), tensor(0.5471), tensor(-0.3413), tensor(0.7489), tensor(0.9270), tensor(0.1440), tensor(0.4120), tensor(0.2827)]
Best x: tensor([[0.2943, 0.2909, 0.0285, 0.9445, 0.1152, 0.3511]])
Best takg: 1.281592845916748
-----------------------------------------------------------
